#	X(I)	Y(X)	Y'(X)	
Model	ARR_DATA(I)	Integral(3.602,3.420)		
1	18639.485	12195.978	0.000	
2	18754.366	12224.037	0.000	
3	18869.600	12245.841	0.000	
4	18985.187	12267.404	0.000	
5	19101.127	12294.420	0.000	
6	19246.548	12289.475	0.000	
7	19363.282	12288.957	0.000	
8	19480.369	12303.670	0.000	
9	19597.809	12335.792	0.000	
10	19715.601	12337.096	0.000	
11	19863.338	12341.987	0.000	
12	19981.925	12357.554	0.000	
13	20100.865	12324.830	0.000	
14	20220.158	12335.660	0.000	
15	20369.770	12341.852	0.000	
16	20489.857	12370.482	0.000	
17	20610.297	12330.359	0.000	
18	20731.089	12353.940	0.000	
19	20882.576	12326.209	0.000	
20	21004.163	12360.417	0.000	
21	21126.103	12396.766	0.000	
22	21279.024	12390.153	0.000	
23	21401.758	12381.004	0.000	
24	21555.671	12323.599	0.000	
25	21679.199	12368.606	0.000	
26	21803.080	12331.223	0.000	
27	21958.428	12377.573	0.000	
28	22083.103	12352.816	0.000	
29	22239.443	12375.075	0.000	
30	22364.912	12418.854	0.000	
31	22522.245	12458.503	0.000	
32	22648.508	12460.207	0.000	
33	22806.833	12497.723	0.000	
34	22933.890	12495.775	0.000	
35	23093.208	12522.795	0.000	
36	23221.060	12493.551	0.000	
37	23381.370	12446.558	0.000	
38	23542.232	12456.423	0.000	
39	23671.319	12427.483	0.000	
40	23833.174	12423.154	0.000	
41	23963.055	12424.874	0.000	
42	24125.902	12436.245	0.000	
43	24289.301	12421.710	0.000	
44	24420.417	12353.830	0.000	
45	24584.808	12400.602	0.000	
46	24749.751	12441.331	0.000	
47	24882.103	12429.681	0.000	
48	25048.038	12441.029	0.000	
49	25214.525	12402.044	0.000	
50	25381.564	12406.990	0.000	
51	25515.591	12432.384	0.000	
52	25683.623	12368.191	0.000	
53	25852.205	12383.630	0.000	
54	26021.339	12432.340	0.000	
55	26191.025	12404.309	0.000	
56	26361.262	12396.484	0.000	
57	26497.848	12441.731	0.000	
58	26669.078	12371.449	0.000	
59	26840.859	12387.458	0.000	
60	27013.191	12389.674	0.000	
61	27186.075	12376.177	0.000	
62	27359.511	12398.353	0.000	
63	27533.498	12387.967	0.000	
64	27708.036	12408.362	0.000	
65	27883.126	12390.489	0.000	
66	28058.767	12437.698	0.000	
67	28234.960	12369.100	0.000	
68	28411.704	12409.270	0.000	
69	28589.000	12362.555	0.000	
70	28766.847	12357.579	0.000	
71	28945.246	12389.491	0.000	
72	29124.196	12370.493	0.000	
73	29339.664	12373.667	0.000	
74	29519.827	12373.486	0.000	
75	29700.542	12438.167	0.000	
76	29881.808	12409.321	0.000	
77	30063.626	12372.665	0.000	
78	30245.995	12377.486	0.000	
79	30465.566	12381.993	0.000	
80	30649.148	12305.839	0.000	
81	30833.282	12332.469	0.000	
82	31017.968	12390.208	0.000	
83	31240.318	12361.341	0.000	
84	31426.216	12376.808	0.000	
85	31612.666	12406.164	0.000	
86	31837.134	12331.772	0.000	
87	32024.798	12379.729	0.000	
88	32213.012	12390.506	0.000	
89	32439.598	12391.481	0.000	
90	32629.026	12338.548	0.000	
91	32857.067	12357.304	0.000	
92	33047.708	12379.734	0.000	
93	33238.901	12357.996	0.000	
94	33469.060	12333.219	0.000	
95	33661.466	12399.186	0.000	
96	33893.081	12286.668	0.000	
97	34086.700	12355.950	0.000	
98	34319.770	12344.048	0.000	
99	34553.635	12387.182	0.000	
100	34749.129	12354.335	0.000	
101	34984.450	12344.137	0.000	
102	35181.157	12318.006	0.000	
103	35417.934	12309.405	0.000	
104	35655.505	12359.576	0.000	
105	35854.087	12407.481	0.000	
106	36093.113	12339.322	0.000	
107	36332.934	12359.187	0.000	
108	36533.391	12275.291	0.000	
109	36774.668	12299.898	0.000	
110	37016.738	12412.185	0.000	
111	37259.603	12367.202	0.000	
112	37462.597	12297.891	0.000	
113	37706.918	12296.483	0.000	
114	37952.033	12373.121	0.000	
115	38197.941	12377.505	0.000	
116	38444.644	12285.756	0.000	
117	38692.141	12336.911	0.000	
118	38940.433	12338.698	0.000	
119	39147.949	12301.457	0.000	
120	39397.696	12245.959	0.000	
121	39648.237	12337.593	0.000	
122	39899.572	12276.206	0.000	
123	40151.701	12290.966	0.000	
124	40404.625	12304.013	0.000	
125	40658.342	12306.686	0.000	
126	40912.854	12335.546	0.000	
127	41210.788	12266.696	0.000	
128	41467.020	12315.623	0.000	
129	41724.047	12256.821	0.000	
130	41981.867	12342.671	0.000	
131	42240.482	12343.986	0.000	
132	42499.890	12294.580	0.000	
133	42760.093	12431.401	0.000	
134	43064.667	12308.787	0.000	
135	43326.590	12325.188	0.000	
136	43589.308	12277.834	0.000	
137	43852.819	12277.762	0.000	
138	44161.253	12341.773	0.000	
139	44426.485	12370.893	0.000	
140	44692.512	12287.958	0.000	
141	45003.879	12290.530	0.000	
142	45271.626	12321.577	0.000	
143	45540.167	12232.745	0.000	
144	45854.468	12291.662	0.000	
145	46124.730	12244.108	0.000	
146	46441.039	12199.054	0.000	
147	46713.021	12305.706	0.000	
148	47031.337	12290.496	0.000	
149	47305.039	12311.523	0.000	
150	47625.363	12348.459	0.000	
151	47900.786	12283.600	0.000	
152	48223.117	12317.847	0.000	
153	48500.261	12259.158	0.000	
154	48824.599	12292.341	0.000	
155	49150.018	12275.743	0.000	
156	49429.808	12293.831	0.000	
157	49757.235	12188.601	0.000	
158	50085.742	12246.877	0.000	
159	50368.180	12238.616	0.000	
160	50698.694	12289.227	0.000	
161	51030.290	12317.245	0.000	
162	51362.966	12246.511	0.000	
163	51648.977	12281.329	0.000	
164	51983.661	12225.638	0.000	
165	52319.425	12230.474	0.000	
166	52656.270	12250.398	0.000	
167	52994.196	12275.701	0.000	
168	53333.203	12270.577	0.000	
169	53673.291	12264.015	0.000	
170	54014.460	12294.936	0.000	
171	54307.751	12252.169	0.000	
172	54650.927	12258.253	0.000	
173	54995.184	12267.736	0.000	
174	55389.944	12230.776	0.000	
175	55736.517	12266.110	0.000	
176	56084.171	12232.057	0.000	
177	56432.906	12233.233	0.000	
178	56782.721	12247.092	0.000	
179	57133.618	12232.668	0.000	
180	57485.595	12183.247	0.000	
181	57838.654	12209.938	0.000	
182	58243.473	12224.872	0.000	
183	58598.847	12203.792	0.000	
184	58955.302	12214.009	0.000	
185	59312.839	12231.794	0.000	
186	59722.775	12255.189	0.000	
187	60082.627	12196.518	0.000	
188	60443.560	12180.401	0.000	
189	60857.379	12208.195	0.000	
190	61220.628	12187.133	0.000	
191	61637.094	12186.359	0.000	
192	62002.660	12198.402	0.000	
193	62421.772	12239.177	0.000	
194	62789.654	12156.366	0.000	
195	63211.414	12158.303	0.000	
196	63581.612	12169.388	0.000	
197	64006.018	12160.672	0.000	
198	64378.532	12149.092	0.000	
199	64805.586	12170.523	0.000	
200	65234.052	12100.024	0.000	
201	65610.117	12173.283	0.000	
202	66041.230	12170.973	0.000	
203	66473.754	12174.290	0.000	
204	66853.371	12163.899	0.000	
205	67288.542	12164.856	0.000	
206	67725.125	12153.925	0.000	
207	68163.120	12164.115	0.000	
208	68602.526	12134.230	0.000	
209	68988.165	12147.620	0.000	
210	69430.219	12139.939	0.000	
211	69873.684	12145.363	0.000	
212	70318.561	12183.488	0.000	
213	70764.850	12139.304	0.000	
214	71212.551	12163.393	0.000	
215	71661.663	12124.219	0.000	
216	72112.187	12141.957	0.000	
217	72564.123	12107.879	0.000	
218	73017.471	12098.554	0.000	
219	73472.230	12105.148	0.000	
220	73928.401	12111.479	0.000	
221	74443.281	12057.650	0.000	
222	74902.452	12117.229	0.000	
223	75363.035	12082.275	0.000	
224	75825.029	12096.453	0.000	
225	76346.461	12053.375	0.000	
226	76811.455	12051.420	0.000	
227	77277.861	12055.374	0.000	
228	77745.679	12030.010	0.000	
229	78273.662	12005.512	0.000	
230	78744.480	12059.832	0.000	
231	79275.838	12036.859	0.000	
232	79749.656	12087.579	0.000	
233	80284.388	12054.518	0.000	
234	80761.206	12042.379	0.000	
235	81299.314	12029.270	0.000	
236	81779.132	12067.064	0.000	
237	82320.614	12043.020	0.000	
238	82803.432	12033.055	0.000	
239	83348.289	12027.535	0.000	
240	83894.934	12012.865	0.000	
241	84382.340	12056.952	0.000	
242	84932.359	12034.633	0.000	
243	85484.165	12013.257	0.000	
244	86037.758	11994.690	0.000	
245	86531.340	11987.430	0.000	
246	87088.308	12000.998	0.000	
247	87647.062	11955.325	0.000	
248	88207.603	11964.098	0.000	
249	88769.931	11996.362	0.000	
250	89334.046	11963.259	0.000	
251	89899.947	11944.738	0.000	
252	90467.635	11973.737	0.000	
253	91037.110	11954.014	0.000	
254	91608.372	11952.404	0.000	
255	92181.420	11980.614	0.000	
256	92756.255	11970.540	0.000	
257	93332.877	11958.319	0.000	
258	93911.286	11953.816	0.000	
259	94556.058	11987.995	0.000	
260	95138.238	11962.971	0.000	
261	95722.206	11902.299	0.000	
262	96307.960	11915.974	0.000	
263	96960.893	11970.628	0.000	
264	97550.419	11913.371	0.000	
265	98141.732	11895.787	0.000	
266	98800.842	11883.860	0.000	
267	99395.927	11915.064	0.000	
268	100059.228	11890.940	0.000	
269	100658.085	11897.384	0.000	
270	101325.577	11879.663	0.000	
271	101928.206	11903.995	0.000	
272	102599.889	11907.875	0.000	
273	103206.290	11942.926	0.000	
274	103882.164	11880.083	0.000	
275	104560.244	11879.351	0.000	
276	105172.403	11866.987	0.000	
277	105854.674	11814.032	0.000	
278	106539.151	11858.079	0.000	
279	107225.834	11900.390	0.000	
280	107914.723	11824.059	0.000	
281	108536.609	11865.395	0.000	
282	109229.689	11837.077	0.000	
283	109924.975	11810.379	0.000	
284	110622.467	11885.916	0.000	
285	111322.164	11842.720	0.000	
286	112024.068	11832.087	0.000	
287	112728.177	11817.427	0.000	
288	113434.492	11825.671	0.000	
289	114143.013	11864.783	0.000	
290	114853.740	11796.744	0.000	
291	115638.087	11821.009	0.000	
292	116353.447	11763.470	0.000	
293	117071.012	11846.696	0.000	
294	117790.783	11747.423	0.000	
295	118585.078	11771.124	0.000	
296	119309.482	11794.503	0.000	
297	120036.091	11768.829	0.000	
298	120837.908	11760.690	0.000	
299	121569.150	11766.315	0.000	
300	122376.063	11769.281	0.000	
301	123111.937	11742.336	0.000	
302	123923.945	11738.697	0.000	
303	124664.451	11736.957	0.000	
304	125481.556	11721.517	0.000	
305	126226.694	11695.113	0.000	
306	127048.894	11703.559	0.000	
307	127873.763	11670.606	0.000	
308	128701.301	11732.133	0.000	
309	129455.924	11671.971	0.000	
310	130288.557	11704.707	0.000	
311	131123.860	11705.653	0.000	
312	131961.832	11659.200	0.000	
313	132802.473	11637.607	0.000	
314	133645.782	11693.479	0.000	
315	134491.761	11665.799	0.000	
316	135340.409	11636.544	0.000	
317	136191.727	11696.685	0.000	
318	137045.713	11643.889	0.000	
319	137902.368	11646.507	0.000	
320	138761.693	11663.514	0.000	
321	139623.686	11653.734	0.000	
322	140488.349	11615.065	0.000	
323	141434.661	11620.689	0.000	
324	142304.904	11622.600	0.000	
325	143177.817	11620.456	0.000	
326	144133.129	11590.242	0.000	
327	145011.622	11665.193	0.000	
328	145892.785	11609.219	0.000	
329	146857.097	11574.308	0.000	
330	147743.840	11580.737	0.000	
331	148714.240	11580.516	0.000	
332	149606.564	11580.932	0.000	
333	150583.053	11607.500	0.000	
334	151562.718	11518.778	0.000	
335	152463.534	11588.740	0.000	
336	153449.287	11494.463	0.000	
337	154438.217	11579.607	0.000	
338	155430.322	11501.596	0.000	
339	156425.605	11502.501	0.000	
340	157340.737	11499.179	0.000	
341	158342.108	11506.284	0.000	
342	159346.655	11502.741	0.000	
343	160354.378	11503.353	0.000	
344	161365.278	11473.608	0.000	
345	162379.354	11488.132	0.000	
346	163396.607	11448.705	0.000	
347	164417.036	11457.856	0.000	
348	165526.085	11490.745	0.000	
349	166553.132	11469.308	0.000	
350	167583.355	11451.987	0.000	
351	168616.755	11441.190	0.000	
352	169739.855	11446.835	0.000	
353	170779.872	11439.141	0.000	
354	171823.066	11448.254	0.000	
355	172956.777	11440.805	0.000	
356	174006.588	11408.746	0.000	
357	175147.468	11395.355	0.000	
358	176203.897	11392.036	0.000	
359	177351.945	11370.044	0.000	
360	178503.722	11366.733	0.000	
361	179570.210	11358.771	0.000	
362	180729.155	11376.626	0.000	
363	181891.829	11405.887	0.000	
364	183058.231	11316.041	0.000	
365	184228.360	11387.980	0.000	
366	185311.789	11346.118	0.000	
367	186489.087	11308.419	0.000	
368	187670.114	11326.384	0.000	
369	188854.868	11281.873	0.000	
370	190043.350	11295.200	0.000	
371	191235.561	11320.008	0.000	
372	192523.648	11265.625	0.000	
373	193723.601	11270.705	0.000	
374	194927.282	11244.808	0.000	
375	196134.690	11263.183	0.000	
376	197345.826	11243.333	0.000	
377	198654.296	11219.948	0.000	
378	199873.175	11241.061	0.000	
379	201189.983	11237.867	0.000	
380	202416.605	11210.820	0.000	
381	203741.751	11193.006	0.000	
382	204976.115	11203.992	0.000	
383	206309.599	11192.785	0.000	
384	207551.706	11174.098	0.000	
385	208893.528	11176.761	0.000	
386	210239.674	11168.735	0.000	
387	211493.538	11133.568	0.000	
388	212848.022	11202.168	0.000	
389	214206.829	11144.656	0.000	
390	215569.960	11126.569	0.000	
391	216937.414	11152.759	0.000	
392	218309.192	11041.733	0.000	
393	219685.294	11107.922	0.000	
394	221065.719	11095.413	0.000	
395	222450.467	11079.958	0.000	
396	223839.539	11076.050	0.000	
397	225232.934	11124.851	0.000	
398	226730.655	11052.279	0.000	
399	228133.006	11066.275	0.000	
400	229539.681	11020.697	0.000	
401	231051.630	11040.810	0.000	
402	232467.260	11005.582	0.000	
403	233988.805	11004.591	0.000	
404	235413.391	10981.505	0.000	
405	236944.531	11006.121	0.000	
406	238378.073	10995.799	0.000	
407	239918.808	10997.980	0.000	
408	241464.507	10949.957	0.000	
409	242911.637	10948.342	0.000	
410	244466.931	10923.626	0.000	
411	246027.188	10936.356	0.000	
412	247592.408	10942.953	0.000	
413	249162.592	10879.839	0.000	
414	250737.739	10912.858	0.000	
415	252317.849	10885.706	0.000	
416	253902.922	10877.652	0.000	
417	255492.958	10858.698	0.000	
418	257087.958	10860.646	0.000	
419	258687.920	10827.248	0.000	
420	260397.937	10849.357	0.000	
421	262008.150	10836.145	0.000	
422	263623.327	10846.364	0.000	
423	265353.753	10804.128	0.000	
424	266979.194	10801.307	0.000	
425	268720.581	10774.426	0.000	
426	270356.285	10780.260	0.000	
427	272103.316	10788.887	0.000	
428	273749.267	10731.871	0.000	
429	275512.560	10782.614	0.000	
430	277276.145	10757.609	0.000	
431	279050.742	10767.498	0.000	
432	280831.000	10724.685	0.000	
433	282503.101	10721.179	0.000	
434	284288.883	10729.175	0.000	
435	286085.746	10701.454	0.000	
436	287882.798	10687.003	0.000	
437	289806.222	10676.527	0.000	
438	291614.904	10648.790	0.000	
439	293434.735	10647.773	0.000	
440	295254.687	10635.266	0.000	
441	297085.823	10639.057	0.000	
442	299034.122	10613.736	0.000	
443	300876.922	10617.893	0.000	
444	302837.593	10555.235	0.000	
445	304692.057	10601.346	0.000	
446	306665.100	10590.625	0.000	
447	308525.565	10521.042	0.000	
448	310516.642	10546.391	0.000	
449	312508.424	10547.169	0.000	
450	314506.572	10508.384	0.000	
451	316396.374	10481.740	0.000	
452	318406.894	10490.820	0.000	
453	320423.782	10477.834	0.000	
454	322447.037	10499.121	0.000	
455	324476.661	10421.676	0.000	
456	326518.478	10439.313	0.000	
457	328560.854	10462.457	0.000	
458	330732.726	10427.422	0.000	
459	332788.220	10394.525	0.000	
460	334850.082	10372.517	0.000	
461	337042.607	10353.340	0.000	
462	339117.586	10346.883	0.000	
463	341324.016	10336.195	0.000	
464	343412.113	10339.366	0.000	
465	345632.447	10333.658	0.000	
466	347733.661	10309.045	0.000	
467	349967.900	10287.983	0.000	
468	352209.293	10274.212	0.000	
469	354451.771	10249.837	0.000	
470	356585.672	10240.119	0.000	
471	358842.016	10219.778	0.000	
472	361111.604	10242.704	0.000	
473	363388.347	10185.517	0.000	
474	365672.244	10207.419	0.000	
475	368087.006	10239.020	0.000	
476	370385.599	10171.384	0.000	
477	372691.346	10216.331	0.000	
478	375004.247	10140.819	0.000	
479	377449.578	10138.787	0.000	
480	379777.174	10176.417	0.000	
481	382237.992	10124.657	0.000	
482	384580.284	10148.468	0.000	
483	387056.588	10085.361	0.000	
484	389413.575	10091.193	0.000	
485	391911.750	10103.489	0.000	
486	394411.509	10018.883	0.000	
487	396919.215	10015.233	0.000	
488	399441.312	10013.400	0.000	
489	401964.932	10013.808	0.000	
490	404502.984	9975.407	0.000	
491	407042.518	9955.243	0.000	
492	409589.999	9950.186	0.000	
493	412151.972	9930.093	0.000	
494	414715.367	9908.895	0.000	
495	417425.037	9907.587	0.000	
496	420011.361	9880.810	0.000	
497	422738.249	9864.562	0.000	
498	425334.305	9871.224	0.000	
499	428078.390	9855.681	0.000	
500	430690.767	9803.540	0.000	
501	433452.050	9787.879	0.000	
502	436222.155	9808.767	0.000	
503	439001.084	9797.717	0.000	
504	441653.305	9766.105	0.000	
505	444449.453	9751.908	0.000	
506	447254.424	9732.948	0.000	
507	450068.219	9739.601	0.000	
508	453028.081	9688.724	0.000	
509	455859.951	9681.653	0.000	
510	458700.644	9660.610	0.000	
511	461550.161	9642.956	0.000	
512	464554.429	9639.026	0.000	
513	467422.042	9588.596	0.000	
514	470445.330	9592.199	0.000	
515	473331.039	9579.416	0.000	
516	476366.308	9577.736	0.000	
517	479418.338	9565.773	0.000	
518	482331.396	9577.751	0.000	
519	485395.341	9540.790	0.000	
520	488476.113	9500.233	0.000	
521	491566.631	9481.952	0.000	
522	494659.723	9476.119	0.000	
523	497769.710	9454.387	0.000	
524	501033.777	9457.133	0.000	
525	504163.706	9408.338	0.000	
526	507296.118	9442.533	0.000	
527	510445.516	9395.308	0.000	
528	513750.814	9392.146	0.000	
529	516920.154	9373.115	0.000	
530	520246.315	9331.313	0.000	
531	523583.142	9331.256	0.000	
532	526782.620	9307.265	0.000	
533	530140.311	9280.940	0.000	
534	533508.668	9277.584	0.000	
535	536887.693	9258.595	0.000	
536	540277.385	9259.687	0.000	
537	543685.261	9232.562	0.000	
538	547096.310	9193.498	0.000	
539	550518.026	9214.750	0.000	
540	553950.409	9182.940	0.000	
541	557553.329	9138.153	0.000	
542	561007.540	9131.931	0.000	
543	564633.300	9123.770	0.000	
544	568109.340	9153.810	0.000	
545	571757.940	9071.370	0.000	
546	575418.219	9059.061	0.000	
547	578927.249	9028.436	0.000	
548	582610.368	9040.072	0.000	
549	586305.167	9021.630	0.000	
550	590003.812	8992.668	0.000	
551	593721.943	8968.601	0.000	
552	597451.754	8964.110	0.000	
553	601193.243	8943.941	0.000	
554	605105.029	8908.826	0.000	
555	608870.368	8902.182	0.000	
556	612647.387	8847.515	0.000	
557	616596.201	8865.876	0.000	
558	620397.070	8828.656	0.000	
559	624370.742	8822.655	0.000	
560	628365.181	8779.312	0.000	
561	632364.248	8764.948	0.000	
562	636213.335	8760.631	0.000	
563	640237.260	8761.548	0.000	
564	644282.053	8738.053	0.000	
565	648503.792	8702.697	0.000	
566	652566.336	8691.312	0.000	
567	656649.829	8651.658	0.000	
568	660737.769	8660.460	0.000	
569	665012.995	8631.179	0.000	
570	669126.845	8624.801	0.000	
571	673429.081	8576.210	0.000	
572	677577.234	8559.960	0.000	
573	681906.508	8525.206	0.000	
574	686249.569	8470.340	0.000	
575	690606.416	8490.883	0.000	
576	694977.050	8485.668	0.000	
577	699361.470	8452.090	0.000	
578	703759.677	8442.467	0.000	
579	708171.671	8406.389	0.000	
580	712597.451	8387.685	0.000	
581	717037.017	8392.502	0.000	
582	721663.595	8352.761	0.000	
583	726131.270	8301.867	0.000	
584	730795.764	8293.551	0.000	
585	735475.192	8281.778	0.000	
586	739985.351	8255.261	0.000	
587	744685.263	8222.889	0.000	
588	749408.879	8232.164	0.000	
589	754138.575	8227.043	0.000	
590	758892.031	8162.794	0.000	
591	763660.421	8162.290	0.000	
592	768434.807	8158.760	0.000	
593	773412.364	8123.341	0.000	
594	778226.085	8093.119	0.000	
595	783235.203	8051.934	0.000	
596	788079.349	8039.425	0.000	
597	793120.026	8012.720	0.000	
598	797994.597	8017.203	0.000	
599	803066.835	7989.718	0.000	
600	808155.143	7999.434	0.000	
601	813259.519	7932.525	0.000	
602	818379.964	7947.272	0.000	
603	823525.732	7929.745	0.000	
604	828863.990	7897.639	0.000	
605	834042.561	7855.685	0.000	
606	839227.919	7877.544	0.000	
607	844626.117	7829.080	0.000	
608	849844.220	7789.088	0.000	
609	855276.401	7798.697	0.000	
610	860716.428	7768.012	0.000	
611	866183.190	7730.138	0.000	
612	871667.259	7737.240	0.000	
613	877168.633	7700.472	0.000	
614	882687.313	7663.479	0.000	
615	888213.690	7640.708	0.000	
616	893766.952	7612.355	0.000	
617	899540.587	7566.599	0.000	
618	905119.391	7556.448	0.000	
619	910929.520	7573.294	0.000	
620	916553.235	7526.896	0.000	
621	922390.096	7503.153	0.000	
622	928245.483	7475.459	0.000	
623	934129.252	7463.805	0.000	
624	940021.723	7456.509	0.000	
625	945942.637	7421.108	0.000	
626	951872.192	7384.246	0.000	
627	957820.273	7361.200	0.000	
628	963997.099	7350.585	0.000	
629	969992.927	7287.802	0.000	
630	976208.816	7274.732	0.000	
631	982232.337	7247.791	0.000	
632	988487.257	7229.044	0.000	
633	994762.029	7210.772	0.000	
634	1001056.654	7198.160	0.000	
635	1007371.132	7164.566	0.000	
636	1013705.462	7146.804	0.000	
637	1020059.645	7138.657	0.000	
638	1026433.681	7090.616	0.000	
639	1033045.186	7050.412	0.000	
640	1039459.602	7069.250	0.000	
641	1046102.431	6999.525	0.000	
642	1052776.880	6994.293	0.000	
643	1059252.171	6984.147	0.000	
644	1065968.373	6931.689	0.000	
645	1072695.238	6920.492	0.000	
646	1079453.856	6916.733	0.000	
647	1086446.243	6854.732	0.000	
648	1093247.975	6861.126	0.000	
649	1100060.237	6835.848	0.000	
650	1107118.942	6779.503	0.000	
651	1113984.979	6785.009	0.000	
652	1121088.148	6764.543	0.000	
653	1128213.891	6722.598	0.000	
654	1135373.072	6702.981	0.000	
655	1142315.137	6673.557	0.000	
656	1149737.498	6651.664	0.000	
657	1156953.572	6615.067	0.000	
658	1164192.220	6598.009	0.000	
659	1171464.478	6576.897	0.000	
660	1178969.719	6568.265	0.000	
661	1186287.915	6512.625	0.000	
662	1193840.416	6495.313	0.000	
663	1201428.059	6473.409	0.000	
664	1209039.737	6441.683	0.000	
665	1216675.451	6427.490	0.000	
666	1224335.201	6379.417	0.000	
667	1232007.670	6363.995	0.000	
668	1239715.456	6325.230	0.000	
669	1247686.438	6326.524	0.000	
670	1255431.615	6300.382	0.000	
671	1263452.882	6274.089	0.000	
672	1271488.195	6252.231	0.000	
673	1279560.512	6222.005	0.000	
674	1287646.803	6198.800	0.000	
675	1295758.564	6148.496	0.000	
676	1303907.439	6140.079	0.000	
677	1312070.178	6119.598	0.000	
678	1320270.103	6081.989	0.000	
679	1328730.625	6071.596	0.000	
680	1336970.576	6019.606	0.000	
681	1345484.354	6010.991	0.000	
682	1354025.154	5984.221	0.000	
683	1362592.975	5960.750	0.000	
684	1371187.818	5934.192	0.000	
685	1379809.683	5906.358	0.000	
686	1388458.570	5884.743	0.000	
687	1397387.579	5851.839	0.000	
688	1406091.297	5836.331	0.000	
689	1415064.605	5806.451	0.000	
690	1423823.115	5779.550	0.000	
691	1432864.941	5756.912	0.000	
692	1441923.142	5730.448	0.000	
693	1451022.168	5705.659	0.000	
694	1460149.811	5682.092	0.000	
695	1469553.270	5644.343	0.000	
696	1478726.524	5619.788	0.000	
697	1487940.756	5589.427	0.000	
698	1497433.138	5572.452	0.000	
699	1506955.701	5523.132	0.000	
700	1516521.003	5525.507	0.000	
701	1526103.971	5470.978	0.000	
702	1535717.121	5459.415	0.000	
703	1545360.454	5434.262	0.000	
704	1555033.968	5413.023	0.000	
705	1565005.518	5390.479	0.000	
706	1574740.229	5337.086	0.000	
707	1584774.661	5333.042	0.000	
708	1594570.569	5291.710	0.000	
709	1604667.884	5277.978	0.000	
710	1614797.068	5244.194	0.000	
711	1625218.080	5219.381	0.000	
712	1635411.815	5203.113	0.000	
713	1645637.420	5173.203	0.000	
714	1656157.315	5142.391	0.000	
715	1666447.471	5113.500	0.000	
716	1677046.771	5096.714	0.000	
717	1687666.426	5051.442	0.000	
718	1698319.599	5018.577	0.000	
719	1709019.619	5017.477	0.000	
720	1719739.869	4978.658	0.000	
721	1730775.318	4938.997	0.000	
722	1741576.935	4931.925	0.000	
723	1752682.115	4904.604	0.000	
724	1763538.230	4879.704	0.000	
725	1774713.098	4865.144	0.000	
726	1785923.260	4822.018	0.000	
727	1797168.715	4790.626	0.000	
728	1808449.464	4767.478	0.000	
729	1820054.362	4755.271	0.000	
730	1831406.598	4711.601	0.000	
731	1843070.962	4687.264	0.000	
732	1854786.240	4665.948	0.000	
733	1866524.704	4629.257	0.000	
734	1878314.170	4624.496	0.000	
735	1890140.751	4587.926	0.000	
736	1901990.386	4551.657	0.000	
737	1913891.155	4540.380	0.000	
738	1926112.042	4503.426	0.000	
739	1938087.920	4481.098	0.000	
740	1950385.695	4450.491	0.000	
741	1962722.362	4431.230	0.000	
742	1975097.924	4409.456	0.000	
743	1987512.378	4380.781	0.000	
744	2000268.545	4366.231	0.000	
745	2012761.730	4318.571	0.000	
746	2025598.540	4311.572	0.000	
747	2038170.456	4277.446	0.000	
748	2051087.907	4245.332	0.000	
749	2064046.163	4225.102	0.000	
750	2077045.224	4198.688	0.000	
751	2090379.914	4182.292	0.000	
752	2103461.506	4163.103	0.000	
753	2116583.902	4103.355	0.000	
754	2130044.711	4091.525	0.000	
755	2143563.117	4064.650	0.000	
756	2157109.308	4052.937	0.000	
757	2170698.168	4014.441	0.000	
758	2184344.765	3984.315	0.000	
759	2198336.465	3963.658	0.000	
760	2212054.364	3949.204	0.000	
761	2226134.390	3914.116	0.000	
762	2239953.873	3889.243	0.000	
763	2254122.273	3868.700	0.000	
764	2268335.341	3853.566	0.000	
765	2282901.180	3815.788	0.000	
766	2297204.549	3795.534	0.000	
767	2311552.586	3760.150	0.000	
768	2326271.858	3731.991	0.000	
769	2341022.245	3707.918	0.000	
770	2355834.898	3686.802	0.000	
771	2370694.267	3652.306	0.000	
772	2385584.602	3635.826	0.000	
773	2400537.352	3612.452	0.000	
774	2415853.765	3589.563	0.000	
775	2430900.931	3564.535	0.000	
776	2446313.752	3542.968	0.000	
777	2461775.280	3529.327	0.000	
778	2477285.516	3493.130	0.000	
779	2492844.459	3472.895	0.000	
780	2508791.244	3444.648	0.000	
781	2524448.658	3425.706	0.000	
782	2540496.051	3393.933	0.000	
783	2556594.287	3360.220	0.000	
784	2572743.367	3345.511	0.000	
785	2588943.290	3315.235	0.000	
786	2605177.600	3305.990	0.000	
787	2621825.850	3279.701	0.000	
788	2638179.332	3241.728	0.000	
789	2654915.918	3241.230	0.000	
790	2671705.424	3197.899	0.000	
791	2688564.569	3176.898	0.000	
792	2705459.969	3151.764	0.000	
793	2722761.592	3128.245	0.000	
794	2739780.811	3107.084	0.000	
795	2757191.656	3085.499	0.000	
796	2774657.647	3058.401	0.000	
797	2792178.785	3035.159	0.000	
798	2809755.069	3016.202	0.000	
799	2827386.499	2990.072	0.000	
800	2845073.076	2961.101	0.000	
801	2863159.845	2942.560	0.000	
802	2881321.229	2917.557	0.000	
803	2899522.670	2895.432	0.000	
804	2917798.836	2869.549	0.000	
805	2936132.420	2850.332	0.000	
806	2954873.951	2825.627	0.000	
807	2973305.882	2807.223	0.000	
808	2992183.129	2775.294	0.000	
809	3011102.418	2761.679	0.000	
810	3030081.331	2736.845	0.000	
811	3049119.868	2698.877	0.000	
812	3068593.100	2687.919	0.000	
813	3087752.054	2673.029	0.000	
814	3107348.064	2646.521	0.000	
815	3127006.059	2618.961	0.000	
816	3146726.039	2607.648	0.000	
817	3166489.860	2573.841	0.000	
818	3186333.754	2557.938	0.000	
819	3206623.045	2526.344	0.000	
820	3226958.413	2524.691	0.000	
821	3247358.057	2500.092	0.000	
822	3267840.410	2467.310	0.000	
823	3288368.665	2450.207	0.000	
824	3308979.744	2430.959	0.000	
825	3330027.331	2409.618	0.000	
826	3351141.645	2387.840	0.000	
827	3372322.686	2365.819	0.000	
828	3393570.455	2338.662	0.000	
829	3414884.950	2332.211	0.000	
830	3436266.173	2300.982	0.000	
831	3458093.327	2283.403	0.000	
832	3480008.605	2260.280	0.000	
833	3501974.026	2231.495	0.000	
834	3524027.692	2207.898	0.000	
835	3546150.581	2195.666	0.000	
836	3568727.916	2179.975	0.000	
837	3591376.895	2155.993	0.000	
838	3613709.854	2127.703	0.000	
839	3636500.900	2115.587	0.000	
840	3659773.200	2090.151	0.000	
841	3682708.816	2074.813	0.000	
842	3706128.271	2049.360	0.000	
843	3729208.456	2032.210	0.000	
844	3752775.066	2011.342	0.000	
845	3776812.201	1994.482	0.000	
846	3800528.513	1993.272	0.000	
847	3824319.055	1963.450	0.000	
848	3848583.870	1930.149	0.000	
849	3872925.419	1924.015	0.000	
850	3897363.833	1891.931	0.000	
851	3921858.916	1871.454	0.000	
852	3946856.108	1869.550	0.000	
853	3971526.307	1835.596	0.000	
854	3996681.035	1821.937	0.000	
855	4021915.174	1802.700	0.000	
856	4047228.724	1776.945	0.000	
857	4073033.227	1771.311	0.000	
858	4098506.883	1753.338	0.000	
859	4124494.790	1731.544	0.000	
860	4150544.057	1713.168	0.000	
861	4176696.163	1692.057	0.000	
862	4202930.402	1673.546	0.000	
863	4229666.153	1658.361	0.000	
864	4256486.671	1636.350	0.000	
865	4282969.920	1628.601	0.000	
866	4310382.007	1605.588	0.000	
867	4337478.060	1599.481	0.000	
868	4364637.711	1579.828	0.000	
869	4392330.865	1555.406	0.000	
870	4420090.161	1529.282	0.000	
871	4447958.403	1516.668	0.000	
872	4475914.222	1498.980	0.000	
873	4504390.405	1486.939	0.000	
874	4532522.729	1464.237	0.000	
875	4561199.912	1447.595	0.000	
876	4589945.685	1424.174	0.000	
877	4619241.938	1426.318	0.000	
878	4648169.743	1410.591	0.000	
879	4677650.929	1384.529	0.000	
880	4707225.312	1368.074	0.000	
881	4736892.893	1346.196	0.000	
882	4766653.671	1324.757	0.000	
883	4796976.599	1317.901	0.000	
884	4826925.234	1303.835	0.000	
885	4857438.964	1293.640	0.000	
886	4888499.701	1276.260	0.000	
887	4919184.519	1262.513	0.000	
888	4949988.024	1237.588	0.000	
889	4981342.796	1228.361	0.000	
890	5012796.561	1214.353	0.000	
891	5044372.218	1197.389	0.000	
892	5076483.488	1178.090	0.000	
893	5108258.781	1169.516	0.000	
894	5140572.433	1135.335	0.000	
895	5173011.158	1136.734	0.000	
896	5206040.450	1127.968	0.000	
897	5238661.423	1118.358	0.000	
898	5271899.308	1096.839	0.000	
899	5305218.818	1072.901	0.000	
900	5338666.848	1058.278	0.000	
901	5372196.355	1056.590	0.000	
902	5406328.671	1040.674	0.000	
903	5440069.653	1025.972	0.000	
904	5474416.569	1014.100	0.000	
905	5509374.143	997.708	0.000	
906	5543938.808	985.697	0.000	
907	5579117.301	984.282	0.000	
908	5614382.892	963.430	0.000	
909	5649783.825	949.078	0.000	
910	5685271.705	932.984	0.000	
911	5720895.078	922.421	0.000	
912	5757118.991	900.368	0.000	
913	5793457.226	897.089	0.000	
914	5829934.400	881.875	0.000	
915	5866995.282	868.892	0.000	
916	5904198.365	863.298	0.000	
917	5941519.029	845.305	0.000	
918	5978957.275	834.156	0.000	
919	6016513.102	815.135	0.000	
920	6054688.278	810.245	0.000	
921	6092984.184	800.475	0.000	
922	6131426.067	784.818	0.000	
923	6169963.511	770.296	0.000	
924	6208647.090	768.818	0.000	
925	6247961.271	763.842	0.000	
926	6287399.531	752.857	0.000	
927	6326961.871	733.770	0.000	
928	6367162.843	716.803	0.000	
929	6407516.938	715.783	0.000	
930	6447972.617	697.266	0.000	
931	6488581.581	683.999	0.000	
932	6529318.021	683.796	0.000	
933	6570704.649	678.758	0.000	
934	6612222.030	643.655	0.000	
935	6653870.163	644.464	0.000	
936	6695649.048	637.149	0.000	
937	6738114.482	632.974	0.000	
938	6780714.154	614.565	0.000	
939	6823448.063	609.136	0.000	
940	6866316.211	602.248	0.000	
941	6909854.629	580.058	0.000	
942	6953530.648	570.438	0.000	
943	6997371.238	558.915	0.000	
944	7041890.728	559.784	0.000	
945	7085981.407	551.868	0.000	
946	7130781.448	542.779	0.000	
947	7175722.664	528.168	0.000	
948	7221380.438	520.335	0.000	
949	7266605.802	517.015	0.000	
950	7312523.773	495.447	0.000	
951	7358614.025	498.550	0.000	
952	7405403.995	486.126	0.000	
953	7451785.574	482.294	0.000	
954	7498870.362	471.312	0.000	
955	7546103.436	464.808	0.000	
956	7594074.842	470.110	0.000	
957	7641606.333	449.055	0.000	
958	7689879.866	432.668	0.000	
959	7738872.676	429.984	0.000	
960	7787451.980	426.490	0.000	
961	7836782.681	420.752	0.000	
962	7886240.502	416.277	0.000	
963	7935853.896	393.955	0.000	
964	7986227.951	378.806	0.000	
965	8036183.284	397.633	0.000	
966	8087454.180	375.743	0.000	
967	8138306.355	374.663	0.000	
968	8189930.658	367.035	0.000	
969	8241103.490	359.710	0.000	
970	8293639.558	345.778	0.000	
971	8345753.426	348.808	0.000	
972	8398621.479	353.894	0.000	
973	8451656.456	341.863	0.000	
974	8504858.357	325.631	0.000	
975	8558257.010	318.564	0.000	
976	8612391.293	316.409	0.000	
977	8666726.263	305.619	0.000	
978	8721864.434	301.820	0.000	
979	8776512.895	279.131	0.000	
980	8831998.650	282.934	0.000	
981	8887628.848	291.028	0.000	
982	8944074.043	283.453	0.000	
983	9000086.130	278.632	0.000	
984	9056886.747	271.253	0.000	
985	9114481.675	277.054	0.000	
986	9171641.567	257.805	0.000	
987	9229630.624	242.949	0.000	
988	9287771.351	254.204	0.000	
989	9346780.405	239.173	0.000	
990	9405945.048	240.053	0.000	
991	9465296.357	236.489	0.000	
992	9524834.329	232.235	0.000	
993	9585221.868	227.502	0.000	
994	9645135.237	220.998	0.000	
995	9706569.418	208.926	0.000	
996	9767497.563	213.065	0.000	
997	9829319.589	190.807	0.000	
998	9891304.578	196.292	0.000	
999	9953516.564	193.972	0.000	
1000	10016568.965	191.485	0.000	
1001	10079820.445	188.539	0.000	
1002	10143271.003	177.920	0.000	
1003	10207572.150	174.328	0.000	
1004	10272109.143	168.141	0.000	
1005	10336816.728	175.880	0.000	
1006	10401760.367	163.639	0.000	
1007	10467567.134	160.412	0.000	
1008	10533581.408	159.419	0.000	
1009	10600500.317	162.197	0.000	
1010	10666931.787	141.148	0.000	
1011	10734272.277	153.947	0.000	
1012	10802528.397	155.031	0.000	
1013	10870261.258	150.115	0.000	
1014	10938947.692	141.059	0.000	
1015	11008527.037	129.537	0.000	
1016	11077614.302	127.000	0.000	
1017	11147632.570	126.548	0.000	
1018	11217871.423	123.186	0.000	
1019	11289050.274	137.443	0.000	
1020	11360419.864	118.171	0.000	
1021	11432048.818	107.503	0.000	
1022	11503902.879	116.028	0.000	
1023	11576675.873	185.862	0.000	
1024	11649678.320	123.504	0.000	
